
1,性別：F,年齡：23-27,教育程度：高中/高職,政黨傾向：普通認同國民黨,順序：0
1,1,1,1,2,2,2,2,0,0,0,0,0,0,0,0,0,0,0,0,0,0,0,0
0,0,0,0,0,0,0,0,1,1,1,1,1,1,1,1,2,2,2,2,2,2,2,2
0.2,0.116,0.056,0.092,0.016,0.164,0.316,0.128,0.276,0.028,0.18,0.044,0.156,0.176,0.148,0.168,0.04,0.092,0.068,0.008,0.04,0.104,0.148,0.156
1,1,1,1,0,0,0,0,1,1,1,1,1,1,1,1,0,0,0,0,0,0,0,0
1,1,1,1,2,2,2,2,0,0,0,0,0,0,0,0,0,0,0,0,0,0,0,0
0,0,0,0,0,0,0,0,1,1,1,1,1,1,1,1,2,2,2,2,2,2,2,2
0.056,0.02,0.156,0.116,0.172,0.872,0.052,0.212,0.16,0.068,2.592,0.116,0.16,0.188,0.344,0.172,0.084,0.236,0.172,0.144,0.14,0.16,0.084,0.132
0,0,0,0,1,1,1,1,1,1,1,1,1,1,1,1,0,0,0,0,0,0,0,0
4,2,5,5,5,1,5,4,2,1,1,3,1,1,1,5,5,1

8,性別：M,年齡：18-22,教育程度：高中/高職以下,政黨傾向：非常認同國民黨,順序：0
1,1,1,1,2,2,2,2,0,0,0,0,0,0,0,0,0,0,0,0,0,0,0,0
0,0,0,0,0,0,0,0,1,1,1,1,1,1,1,1,2,2,2,2,2,2,2,2
0.632,0.555,0.533,0.662,0.692,0.609,0.906,0.62,0.608,0.558,0.633,0.62,0.55,0.655,0.658,0.533,0.648,0.632,0.575,0.573,0.778,0.963,0.55,0.723
1,1,1,1,1,1,1,1,0,1,0,1,1,1,1,1,1,1,1,1,1,1,1,1
1,1,1,1,2,2,2,2,0,0,0,0,0,0,0,0,0,0,0,0,0,0,0,0
0,0,0,0,0,0,0,0,1,1,1,1,1,1,1,1,2,2,2,2,2,2,2,2
0.614,0.65,0.573,0.624,0.499,0.619,0.796,0.608,0.537,0.527,0.55,0.536,0.511,0.474,0.524,0.442,0.564,0.613,0.613,0.64,0.555,0.588,0.654,0.55
1,1,1,1,1,1,1,1,1,1,1,1,1,1,1,1,1,1,1,1,1,1,1,1
4,3,5,4,2,5,4,3,4,5,5,5,5,4,4,4,4,2

9,性別：M,年齡：23-27,教育程度：大學,政黨傾向：沒有認同哪一方,順序：1
1,1,1,1,2,2,2,2,0,0,0,0,0,0,0,0,0,0,0,0,0,0,0,0
0,0,0,0,0,0,0,0,1,1,1,1,1,1,1,1,2,2,2,2,2,2,2,2
0.561,0.706,0.669,0.729,1.044,0.643,0.697,0.593,0.581,0.66,1.061,0.594,0.478,1.151,0.855,0.466,0.572,0.645,0.892,0.573,0.598,0.426,0.525,0.927
1,1,1,1,1,1,1,1,1,1,1,1,1,1,1,0,1,1,0,1,1,1,1,1
1,1,1,1,2,2,2,2,0,0,0,0,0,0,0,0,0,0,0,0,0,0,0,0
0,0,0,0,0,0,0,0,1,1,1,1,1,1,1,1,2,2,2,2,2,2,2,2
0.917,0.85,0.681,0.849,0.866,0.934,0.51,0.78,0.714,0.41,0.592,0.649,0.599,0.688,0.58,0.727,0.772,0.494,0.513,0.722,1.089,0.633,1.202,0.635
1,1,1,1,1,1,0,1,1,1,1,1,1,0,1,1,1,1,1,1,1,1,1,1
4,4,5,5,5,4,5,4,5,4,5,4,2,4,2,4,5,4
